dihedral 14 13 15 17 200 10.842290878295898
dihedral 30 29 31 33 200 -18.321619033813477
dihedral 45 44 46 48 200 6.528692722320557
dihedral 59 58 60 62 200 2.212876319885254
dihedral 79 78 80 82 200 -4.427467346191406
dihedral 89 88 90 92 200 -8.60390567779541
dihedral 109 108 110 112 200 -14.317131042480469
dihedral 126 125 127 129 200 0.30084162950515747
dihedral 136 135 137 139 200 -2.5751609802246094
dihedral 151 150 152 154 200 0.8833497762680054
dihedral 170 169 171 173 200 0.5928096175193787
dihedral 180 179 181 183 200 -13.525774955749512
dihedral 197 196 198 200 200 -2.744730234146118
dihedral 216 215 217 219 200 12.127617835998535
dihedral 233 232 234 236 200 10.686120986938477
dihedral 244 243 245 247 200 21.270586013793945
dihedral 263 262 264 266 200 1.650389313697815
dihedral 282 281 283 285 200 0.04142995923757553
dihedral 301 300 302 304 200 8.469696998596191
dihedral 315 314 316 318 200 7.177546977996826
dihedral 329 328 330 332 200 6.066512107849121
dihedral 349 348 350 352 200 -13.99151611328125
dihedral 370 369 371 373 200 -2.1486635208129883
dihedral 381 380 382 384 200 7.202703475952148
dihedral 395 394 396 398 200 13.082414627075195
dihedral 417 416 418 420 200 10.660625457763672
dihedral 432 431 433 435 200 3.4634625911712646
dihedral 451 450 452 454 200 3.094186305999756
dihedral 471 470 472 474 200 -4.919601917266846
dihedral 490 489 491 493 200 6.38925313949585
dihedral 514 513 515 517 200 -9.016111373901367
dihedral 529 528 530 532 200 -2.2127552032470703
dihedral 548 547 549 551 200 -8.596307754516602
dihedral 567 566 568 570 200 -5.43104362487793
dihedral 578 577 579 581 200 -15.640005111694336
dihedral 592 591 593 595 200 -3.7604362964630127
dihedral 603 602 604 606 200 -15.25849437713623
dihedral 614 613 615 617 200 0.602226972579956
dihedral 626 625 627 629 200 0.6425057649612427
dihedral 636 635 637 639 200 -6.323600769042969
dihedral 655 654 656 658 200 1.4727425575256348
dihedral 667 666 668 670 200 6.266779899597168
dihedral 689 688 690 692 200 -4.804432392120361
dihedral 708 707 709 711 200 -2.0727150440216064
dihedral 732 731 733 735 200 -5.597659587860107
dihedral 753 752 754 756 200 1.426001787185669
dihedral 768 767 769 771 200 -1.3688019514083862
dihedral 779 778 780 782 200 -13.055521965026855
dihedral 798 797 799 801 200 -10.899747848510742
dihedral 812 811 813 815 200 -3.647831439971924
dihedral 824 823 825 829 200 5.480868816375732
dihedral 838 837 839 841 200 1.3903045654296875
dihedral 849 848 850 852 200 0.8794586062431335
dihedral 871 870 872 874 200 2.8341941833496094
dihedral 890 889 891 893 200 -7.128559112548828
dihedral 902 901 903 905 200 2.003174066543579
dihedral 913 912 914 916 200 -2.3000173568725586
dihedral 920 919 921 923 200 -2.7488582134246826
dihedral 942 941 943 945 200 17.161231994628906
dihedral 957 956 958 960 200 14.127434730529785
dihedral 976 975 977 979 200 0.7293712496757507
dihedral 993 992 994 996 200 8.774531364440918
dihedral 1012 1011 1013 1015 200 0.40042415261268616
dihedral 1026 1025 1027 1029 200 13.126402854919434
dihedral 1045 1044 1046 1048 200 3.253638744354248
dihedral 1064 1063 1065 1069 200 -12.06694507598877
dihedral 1078 1077 1079 1081 200 -2.6020379066467285
dihedral 1092 1091 1093 1095 200 17.376161575317383
dihedral 1114 1113 1115 1117 200 4.1385040283203125
dihedral 1131 1130 1132 1134 200 -13.417197227478027
dihedral 1143 1142 1144 1146 200 5.392524242401123
dihedral 1167 1166 1168 1170 200 13.279781341552734
dihedral 1181 1180 1182 1184 200 -22.924636840820313
dihedral 1200 1199 1201 1203 200 -16.212045669555664
dihedral 1214 1213 1215 1217 200 -14.502313613891602
dihedral 1233 1232 1234 1236 200 0.5564125776290894
dihedral 1249 1248 1250 1252 200 -6.883153438568115
dihedral 1261 1260 1262 1264 200 -9.264041900634766
dihedral 1275 1274 1276 1278 200 -6.120399475097656
dihedral 1282 1281 1283 1285 200 -10.143284797668457
dihedral 1301 1300 1302 1304 200 17.99760627746582
dihedral 1308 1307 1309 1311 200 0.7649685144424438
dihedral 1325 1324 1326 1328 200 -14.837523460388184
dihedral 1339 1338 1340 1342 200 10.414128303527832
dihedral 1361 1360 1362 1364 200 -3.952430009841919
dihedral 1371 1370 1372 1374 200 -2.6372923851013184
dihedral 1383 1382 1384 1386 200 -1.7642112970352173
dihedral 1402 1401 1403 1405 200 -8.969016075134277
dihedral 1421 1420 1422 1424 200 -9.405901908874512
dihedral 1435 1434 1436 1438 200 -1.6677882671356201
dihedral 1449 1448 1450 1452 200 17.836380004882813
dihedral 1468 1467 1469 1471 200 -11.460219383239746
dihedral 1475 1474 1476 1478 200 -4.579875469207764
dihedral 1489 1488 1490 1492 200 1.6454403400421143
dihedral 1508 1507 1509 1511 200 -6.103903293609619
dihedral 1518 1517 1519 1521 200 6.498955726623535
dihedral 1540 1539 1541 1543 200 -9.82430648803711
dihedral 1551 1550 1552 1554 200 -0.36911681294441223
dihedral 1558 1557 1559 1561 200 -1.2519862651824951
dihedral 1572 1571 1573 1575 200 -2.416802167892456
dihedral 1594 1593 1595 1597 200 -4.840710163116455
dihedral 1604 1603 1605 1607 200 9.599035263061523
dihedral 1624 1623 1625 1627 200 -5.378505229949951
dihedral 1641 1640 1642 1644 200 -8.875303268432617
dihedral 1656 1655 1657 1659 200 -1.388515591621399
dihedral 1666 1665 1667 1669 200 -8.896404266357422
dihedral 1685 1684 1686 1688 200 12.083878517150879
dihedral 1702 1701 1703 1705 200 -6.306995868682861
dihedral 1712 1711 1713 1715 200 -14.222312927246094
dihedral 1719 1718 1720 1722 200 -2.1127946376800537
dihedral 1729 1728 1730 1732 200 -4.78226900100708
dihedral 1741 1740 1742 1744 200 0.9473756551742554
dihedral 1760 1759 1761 1763 200 1.302473545074463
dihedral 1771 1770 1772 1774 200 3.5516819953918457
dihedral 1788 1787 1789 1791 200 0.22521963715553284
dihedral 1807 1806 1808 1810 200 16.986568450927734
dihedral 1814 1813 1815 1817 200 -10.978628158569336
dihedral 1831 1830 1832 1834 200 -4.743669033050537
dihedral 1851 1850 1852 1854 200 -1.8059149980545044
dihedral 1858 1857 1859 1861 200 -3.1925437450408936
dihedral 1874 1873 1875 1877 200 16.568092346191406
dihedral 1881 1880 1882 1884 200 -17.8569278717041
dihedral 1901 1900 1902 1904 200 4.991284370422363
dihedral 1922 1921 1923 1925 200 0.7304853796958923
dihedral 1933 1932 1934 1936 200 -11.43678092956543
dihedral 1943 1942 1944 1946 200 -10.06334114074707
dihedral 1964 1963 1965 1967 200 -9.898564338684082
dihedral 1983 1982 1984 1986 200 9.755483627319336
dihedral 1999 1998 2000 2002 200 16.65546226501465
dihedral 2009 2008 2010 2012 200 -5.04051399230957
dihedral 2024 2023 2025 2027 200 8.1514310836792
dihedral 2046 2045 2047 2049 200 -0.13786675035953522
dihedral 2062 2061 2063 2065 200 -11.693171501159668
dihedral 2076 2075 2077 2079 200 -14.335983276367188
dihedral 2092 2091 2093 2095 200 -9.517518043518066
dihedral 2111 2110 2112 2114 200 -5.607670307159424
dihedral 2125 2124 2126 2128 200 -5.102345943450928
dihedral 2147 2146 2148 2150 200 -14.935267448425293
dihedral 2164 2163 2165 2167 200 -2.721409320831299
dihedral 2178 2177 2179 2181 200 -3.1796493530273438
dihedral 2190 2189 2191 2193 200 4.356301307678223
dihedral 2202 2201 2203 2205 200 -7.296710014343262
dihedral 2217 2216 2218 2220 200 -26.131784439086914
dihedral 2234 2233 2235 2237 200 -7.69117546081543
dihedral 2255 2254 2256 2258 200 -5.376740455627441
dihedral 2265 2264 2266 2268 200 -12.516721725463867
dihedral 2289 2288 2290 2292 200 4.250772476196289
dihedral 2304 2303 2305 2307 200 -17.289087295532227
dihedral 2315 2314 2316 2318 200 -1.339409589767456
dihedral 2326 2325 2327 2329 200 -5.834959030151367
dihedral 2336 2335 2337 2339 200 -0.5575722455978394
dihedral 2343 2342 2344 2346 200 -6.250876426696777
dihedral 2350 2349 2351 2353 200 -3.328969955444336
dihedral 2361 2360 2362 2364 200 3.4122331142425537
dihedral 2381 2380 2382 2384 200 4.567729473114014
dihedral 2395 2394 2396 2398 200 1.374809741973877
dihedral 2411 2410 2412 2414 200 -6.2027692794799805
dihedral 2435 2434 2436 2438 200 13.508715629577637
dihedral 2449 2448 2450 2452 200 -12.932360649108887
dihedral 2461 2460 2462 2464 200 0.5206563472747803
dihedral 2475 2474 2476 2478 200 -21.882076263427734
dihedral 2482 2481 2483 2485 200 -4.36406946182251
dihedral 2497 2496 2498 2502 200 -30.33603286743164
dihedral 2511 2510 2512 2514 200 -19.76030158996582
dihedral 2528 2527 2529 2531 200 3.295584201812744
dihedral 2535 2534 2536 2538 200 19.531042098999023
dihedral 2559 2558 2560 2562 200 -12.798142433166504
dihedral 2566 2565 2567 2569 200 0.6069663763046265
dihedral 2580 2579 2581 2583 200 1.7578791379928589
dihedral 2602 2601 2603 2605 200 8.491979598999023
dihedral 2618 2617 2619 2621 200 11.584197044372559
dihedral 2637 2636 2638 2640 200 0.6816498637199402
dihedral 2656 2655 2657 2659 200 -3.1520769596099854
dihedral 2673 2672 2674 2676 200 -2.5635018348693848
dihedral 2692 2691 2693 2695 200 -15.759167671203613
dihedral 2714 2713 2715 2717 200 -0.4089394211769104
dihedral 2729 2728 2730 2732 200 9.078516006469727
dihedral 2741 2740 2742 2744 200 11.884454727172852
dihedral 2758 2757 2759 2761 200 3.561676025390625
dihedral 2772 2771 2773 2775 200 12.605114936828613
dihedral 2787 2786 2788 2790 200 16.994600296020508
dihedral 2808 2807 2809 2811 200 -11.810005187988281
dihedral 2827 2826 2828 2830 200 -6.408799171447754
dihedral 2842 2841 2843 2845 200 5.366726875305176
dihedral 2857 2856 2858 2860 200 -5.782474517822266
dihedral 2881 2880 2882 2884 200 -2.9733095169067383
dihedral 2905 2904 2906 2908 200 -17.144933700561523
dihedral 2924 2923 2925 2927 200 5.181397438049316
dihedral 2946 2945 2947 2949 200 -1.1130698919296265
dihedral 2961 2960 2962 2964 200 -7.60166597366333
dihedral 2980 2979 2981 2983 200 1.5657260417938232
dihedral 2996 2995 2997 2999 200 -6.754196643829346
dihedral 3018 3017 3019 3021 200 3.3348419666290283
dihedral 3040 3039 3041 3043 200 14.4253511428833
dihedral 3057 3056 3058 3060 200 3.1572370529174805
dihedral 3068 3067 3069 3071 200 8.791796684265137
dihedral 3085 3084 3086 3088 200 7.005389213562012
dihedral 3105 3104 3106 3108 200 10.113390922546387
dihedral 3124 3123 3125 3127 200 -4.356635570526123
dihedral 3131 3130 3132 3134 200 -9.328105926513672
dihedral 3152 3151 3153 3157 200 -17.961942672729492
dihedral 3166 3165 3167 3169 200 -4.884753704071045
dihedral 3185 3184 3186 3188 200 -10.095687866210938
dihedral 3199 3198 3200 3202 200 -14.744049072265625
dihedral 3218 3217 3219 3221 200 3.515603542327881
dihedral 3238 3237 3239 3241 200 3.2277534008026123
dihedral 3254 3253 3255 3257 200 6.483747959136963
