bond 800 753 20.0 2.043790102005005
angle 799 800 753 20.0 161.66065979003906
bond 1658 1604 20.0 2.239877700805664
angle 1657 1658 1604 20.0 158.43148803710938
bond 1606 1558 20.0 2.2830708026885986
angle 1605 1606 1558 20.0 164.10743713378906
bond 1668 1624 20.0 2.2530601024627686
angle 1667 1668 1624 20.0 168.2630615234375
bond 1643 1594 20.0 2.118199586868286
angle 1642 1643 1594 20.0 164.84791564941406
bond 1626 1572 20.0 2.2251996994018555
angle 1625 1626 1572 20.0 154.48898315429688
bond 734 667 20.0 2.0126240253448486
angle 733 734 667 20.0 171.67449951171875
bond 781 732 20.0 2.2020177841186523
angle 780 781 732 20.0 156.62606811523438
bond 755 689 20.0 2.084951162338257
angle 754 755 689 20.0 165.5992431640625
bond 770 708 20.0 2.0599989891052246
angle 769 770 708 20.0 146.60394287109375
bond 669 626 20.0 2.364325761795044
angle 668 669 626 20.0 157.38304138183594
bond 710 655 20.0 2.1809422969818115
angle 709 710 655 20.0 152.08035278320313
bond 657 614 20.0 2.017932653427124
angle 656 657 614 20.0 170.9770965576172
bond 616 578 20.0 2.004939079284668
angle 615 616 578 20.0 155.23406982421875
bond 638 603 20.0 1.7349754571914673
angle 637 638 603 20.0 172.4517364501953
bond 628 592 20.0 1.681742548942566
angle 627 628 592 20.0 177.05247497558594
bond 580 529 20.0 2.1894352436065674
angle 579 580 529 20.0 170.606201171875
bond 1437 1383 20.0 1.883850336074829
angle 1436 1437 1383 20.0 177.28997802734375
bond 1451 1402 20.0 2.026930809020996
angle 1450 1451 1402 20.0 167.02664184570313
bond 182 151 20.0 1.946708083152771
angle 181 182 151 20.0 162.23248291015625
bond 3042 2980 20.0 1.8982375860214233
angle 3041 3042 2980 20.0 161.02658081054688
bond 605 567 20.0 1.9229793548583984
angle 604 605 567 20.0 178.39500427246094
bond 594 548 20.0 2.2984023094177246
angle 593 594 548 20.0 154.55287170410156
bond 531 471 20.0 2.0072412490844727
angle 530 531 471 20.0 169.00794982910156
bond 550 490 20.0 1.7129253149032593
angle 549 550 490 20.0 163.24891662597656
bond 516 451 20.0 1.984426498413086
angle 515 516 451 20.0 157.26222229003906
bond 1924 1881 20.0 2.3810875415802
angle 1923 1924 1881 20.0 159.35838317871094
bond 1404 1361 20.0 1.8146107196807861
angle 1403 1404 1361 20.0 176.23275756835938
bond 1945 1922 20.0 2.35254168510437
angle 1944 1945 1922 20.0 169.67147827148438
bond 284 216 20.0 2.129945993423462
angle 283 284 216 20.0 165.55348205566406
bond 199 170 20.0 2.1676249504089355
angle 198 199 170 20.0 149.299560546875
bond 2998 2946 20.0 1.7852919101715088
angle 2997 2998 2946 20.0 166.33766174316406
bond 2561 2147 20.0 1.8324239253997803
angle 2560 2561 2147 20.0 156.90213012695313
bond 3020 2961 20.0 1.9748948812484741
angle 3019 3020 2961 20.0 170.1607208251953
bond 2127 2566 20.0 2.035358190536499
angle 2126 2127 2566 20.0 177.6665802001953
bond 1966 1933 20.0 2.309525728225708
angle 1965 1966 1933 20.0 146.06204223632813
bond 61 2381 20.0 1.6864876747131348
angle 60 61 2381 20.0 160.55584716796875
bond 2363 79 20.0 1.9230412244796753
angle 2362 2363 79 20.0 152.5150146484375
bond 3187 1012 20.0 1.6565417051315308
angle 3186 3187 1012 20.0 149.94320678710938
bond 1014 1249 20.0 1.8107526302337646
angle 1013 1014 1249 20.0 177.12112426757813
bond 2982 2924 20.0 2.03696870803833
angle 2981 2982 2924 20.0 169.60159301757813
bond 2604 1233 20.0 1.8218731880187988
angle 2603 2604 1233 20.0 164.1243438720703
bond 1235 1026 20.0 1.8373136520385742
angle 1234 1235 1026 20.0 164.2371826171875
bond 2582 2111 20.0 1.889976978302002
angle 2581 2582 2111 20.0 149.9923858642578
bond 2094 2602 20.0 1.8516234159469604
angle 2093 2094 2602 20.0 167.3190460205078
bond 2113 2255 20.0 1.784443974494934
angle 2112 2113 2255 20.0 162.48130798339844
bond 2236 2125 20.0 1.9941953420639038
angle 2235 2236 2125 20.0 156.98104858398438
bond 2267 2092 20.0 1.7894784212112427
angle 2266 2267 2092 20.0 167.8285675048828
bond 2257 2435 20.0 2.197596311569214
angle 2256 2257 2435 20.0 166.06552124023438
bond 2413 2265 20.0 1.854180932044983
angle 2412 2413 2265 20.0 159.91445922851563
bond 2001 1943 20.0 2.00811505317688
angle 2000 2001 1943 20.0 145.44715881347656
bond 2306 2062 20.0 2.1990647315979004
angle 2305 2306 2062 20.0 157.77203369140625
bond 2291 2395 20.0 1.8901726007461548
angle 2290 2291 2395 20.0 160.7378692626953
bond 2397 45 20.0 2.0989043712615967
angle 2396 2397 45 20.0 171.79641723632813
bond 32 2411 20.0 1.9766554832458496
angle 31 32 2411 20.0 174.41943359375
bond 1028 3199 20.0 1.8826392889022827
angle 1027 1028 3199 20.0 153.4500274658203
bond 2948 2881 20.0 2.234706163406372
angle 2947 2948 2881 20.0 154.783447265625
bond 2926 2857 20.0 2.397599220275879
angle 2925 2926 2857 20.0 161.58888244628906
bond 1047 1214 20.0 1.7505505084991455
angle 1046 1047 1214 20.0 172.41851806640625
bond 1216 2618 20.0 2.074920415878296
angle 1215 1216 2618 20.0 164.95184326171875
bond 2639 1200 20.0 1.7697560787200928
angle 2638 2639 1200 20.0 174.91444396972656
bond 2620 2076 20.0 1.6416220664978027
angle 2619 2620 2076 20.0 169.0692138671875
bond 2064 2637 20.0 1.909327745437622
angle 2063 2064 2637 20.0 171.61915588378906
bond 2048 2315 20.0 1.9085170030593872
angle 2047 2048 2315 20.0 168.29405212402344
bond 2658 2046 20.0 2.202552556991577
angle 2657 2658 2046 20.0 163.53628540039063
bond 2011 2673 20.0 2.2982616424560547
angle 2010 2011 2673 20.0 151.40048217773438
bond 1202 1064 20.0 1.7664982080459595
angle 1201 1202 1064 20.0 169.35748291015625
bond 1183 2656 20.0 2.054502248764038
angle 1182 1183 2656 20.0 168.1678466796875
bond 1080 1181 20.0 1.8322317600250244
angle 1079 1080 1181 20.0 158.51466369628906
bond 1169 1092 20.0 1.9498770236968994
angle 1168 1169 1092 20.0 174.89537048339844
dihedral 13 15 17 29 200 -153.2171630859375
dihedral 15 17 29 31 200 138.7596435546875
dihedral 150 152 154 169 200 -50.67604064941406
dihedral 152 154 169 171 200 -44.13590621948242
dihedral 1571 1573 1575 1593 200 -69.47743225097656
dihedral 1573 1575 1593 1595 200 -28.097116470336914
dihedral 1593 1595 1597 1603 200 -67.76842498779297
dihedral 1595 1597 1603 1605 200 -37.429386138916016
dihedral 1603 1605 1607 1623 200 -72.62591552734375
dihedral 1605 1607 1623 1625 200 -38.6646842956543
dihedral 1623 1625 1627 1640 200 -64.2282485961914
dihedral 1625 1627 1640 1642 200 -41.14190673828125
dihedral 1640 1642 1644 1655 200 -59.54787063598633
dihedral 1642 1644 1655 1657 200 -51.05819320678711
dihedral 1655 1657 1659 1665 200 -60.77028274536133
dihedral 1657 1659 1665 1667 200 -39.38657760620117
dihedral 1665 1667 1669 1684 200 -44.876441955566406
dihedral 1667 1669 1684 1686 200 -45.156654357910156
dihedral 1684 1686 1688 1701 200 -75.73894500732422
dihedral 1686 1688 1701 1703 200 -31.232791900634766
dihedral 1701 1703 1705 1711 200 -66.44903564453125
dihedral 1703 1705 1711 1713 200 -23.16031265258789
dihedral 169 171 173 179 200 -68.17131805419922
dihedral 171 173 179 181 200 -18.284841537475586
dihedral 179 181 183 196 200 -84.827392578125
dihedral 181 183 196 198 200 -11.113399505615234
dihedral 1873 1875 1877 1880 200 -73.38011169433594
dihedral 1875 1877 1880 1882 200 -25.53630256652832
dihedral 1880 1882 1884 1900 200 -53.41908645629883
dihedral 1882 1884 1900 1902 200 -36.51100158691406
dihedral 1900 1902 1904 1921 200 -90.74121856689453
dihedral 1902 1904 1921 1923 200 11.813905715942383
dihedral 1921 1923 1925 1932 200 -64.2666244506836
dihedral 1923 1925 1932 1934 200 -28.21466064453125
dihedral 1932 1934 1936 1942 200 -53.230194091796875
dihedral 1934 1936 1942 1944 200 -27.679378509521484
dihedral 1942 1944 1946 1963 200 -71.13856506347656
dihedral 1944 1946 1963 1965 200 -27.03142738342285
dihedral 1963 1965 1967 1982 200 -56.166107177734375
dihedral 1965 1967 1982 1984 200 -41.50243377685547
dihedral 1998 2000 2002 2008 200 -129.18182373046875
dihedral 2000 2002 2008 2010 200 146.27505493164063
dihedral 196 198 200 215 200 -99.90766143798828
dihedral 198 200 215 217 200 -19.875993728637695
dihedral 2008 2010 2012 2023 200 -104.46155548095703
dihedral 2010 2012 2023 2025 200 -3.196754217147827
dihedral 2023 2025 2027 2045 200 -154.9539794921875
dihedral 2025 2027 2045 2047 200 128.7010955810547
dihedral 2045 2047 2049 2061 200 -123.84285736083984
dihedral 2047 2049 2061 2063 200 132.3277587890625
dihedral 2061 2063 2065 2075 200 -118.91712951660156
dihedral 2063 2065 2075 2077 200 106.95913696289063
dihedral 2075 2077 2079 2091 200 -92.86702728271484
dihedral 2077 2079 2091 2093 200 114.98829650878906
dihedral 2091 2093 2095 2110 200 -108.81424713134766
dihedral 2093 2095 2110 2112 200 132.90869140625
dihedral 2110 2112 2114 2124 200 -154.1282958984375
dihedral 2112 2114 2124 2126 200 149.16903686523438
dihedral 2124 2126 2128 2146 200 -130.6958465576172
dihedral 2126 2128 2146 2148 200 112.13377380371094
dihedral 215 217 219 232 200 -54.17964553833008
dihedral 217 219 232 234 200 -41.48060989379883
dihedral 2216 2218 2220 2233 200 -66.26629638671875
dihedral 2218 2220 2233 2235 200 129.6512451171875
dihedral 2233 2235 2237 2254 200 -126.79443359375
dihedral 2235 2237 2254 2256 200 157.46994018554688
dihedral 2254 2256 2258 2264 200 -127.29469299316406
dihedral 2256 2258 2264 2266 200 146.45362854003906
dihedral 2264 2266 2268 2288 200 -123.81710815429688
dihedral 2266 2268 2288 2290 200 132.4117431640625
dihedral 2288 2290 2292 2303 200 -120.3084945678711
dihedral 2290 2292 2303 2305 200 129.73025512695313
dihedral 2303 2305 2307 2314 200 -134.89425659179688
dihedral 2305 2307 2314 2316 200 138.9554443359375
dihedral 2314 2316 2318 2325 200 -118.44143676757813
dihedral 2316 2318 2325 2327 200 114.61154174804688
dihedral 2349 2351 2353 2360 200 -131.40179443359375
dihedral 2351 2353 2360 2362 200 163.24378967285156
dihedral 2360 2362 2364 2380 200 -124.94227600097656
dihedral 2362 2364 2380 2382 200 111.81895446777344
dihedral 2380 2382 2384 2394 200 -125.79022979736328
dihedral 2382 2384 2394 2396 200 125.2989501953125
dihedral 2394 2396 2398 2410 200 -121.1506576538086
dihedral 2396 2398 2410 2412 200 120.69672393798828
dihedral 2410 2412 2414 2434 200 -128.26751708984375
dihedral 2412 2414 2434 2436 200 134.26939392089844
dihedral 2558 2560 2562 2565 200 108.91114044189453
dihedral 2560 2562 2565 2567 200 -172.96180725097656
dihedral 2565 2567 2569 2579 200 -116.51184844970703
dihedral 2567 2569 2579 2581 200 123.39569091796875
dihedral 2579 2581 2583 2601 200 -117.71918487548828
dihedral 2581 2583 2601 2603 200 108.37889099121094
dihedral 262 264 266 281 200 -59.98491287231445
dihedral 264 266 281 283 200 -51.89470672607422
dihedral 2601 2603 2605 2617 200 -113.12611389160156
dihedral 2603 2605 2617 2619 200 120.24303436279297
dihedral 2617 2619 2621 2636 200 -110.72222137451172
dihedral 2619 2621 2636 2638 200 114.01054382324219
dihedral 2636 2638 2640 2655 200 -103.57540893554688
dihedral 2638 2640 2655 2657 200 103.43534851074219
dihedral 2655 2657 2659 2672 200 -76.73233795166016
dihedral 2657 2659 2672 2674 200 105.51158905029297
dihedral 2672 2674 2676 2691 200 -72.1656494140625
dihedral 2674 2676 2691 2693 200 138.59539794921875
dihedral 281 283 285 300 200 -72.50813293457031
dihedral 283 285 300 302 200 -31.34089469909668
dihedral 2771 2773 2775 2786 200 -63.88039779663086
dihedral 2773 2775 2786 2788 200 -35.24576187133789
dihedral 2786 2788 2790 2807 200 -82.83534240722656
dihedral 2788 2790 2807 2809 200 0.6824755072593689
dihedral 2807 2809 2811 2826 200 -72.11180877685547
dihedral 2809 2811 2826 2828 200 -30.05433464050293
dihedral 2841 2843 2845 2856 200 -61.19629669189453
dihedral 2843 2845 2856 2858 200 -50.36727523803711
dihedral 2856 2858 2860 2880 200 -66.69274139404297
dihedral 2858 2860 2880 2882 200 -39.69558334350586
dihedral 2880 2882 2884 2904 200 -65.99585723876953
dihedral 2882 2884 2904 2906 200 -40.085933685302734
dihedral 2904 2906 2908 2923 200 -64.8636703491211
dihedral 2906 2908 2923 2925 200 -42.63563537597656
dihedral 2923 2925 2927 2945 200 -56.042564392089844
dihedral 2925 2927 2945 2947 200 -34.302982330322266
dihedral 2945 2947 2949 2960 200 -62.035160064697266
dihedral 2947 2949 2960 2962 200 -43.09775161743164
dihedral 300 302 304 314 200 -62.25764465332031
dihedral 302 304 314 316 200 -36.90121841430664
dihedral 2960 2962 2964 2979 200 -67.48136901855469
dihedral 2962 2964 2979 2981 200 -41.502685546875
dihedral 2979 2981 2983 2995 200 -62.748470306396484
dihedral 2981 2983 2995 2997 200 -48.84406661987305
dihedral 2995 2997 2999 3017 200 -63.29386901855469
dihedral 2997 2999 3017 3019 200 -44.724910736083984
dihedral 3017 3019 3021 3039 200 -60.47254180908203
dihedral 3019 3021 3039 3041 200 -53.6844596862793
dihedral 3039 3041 3043 3056 200 -118.06922149658203
dihedral 3041 3043 3056 3058 200 -3.246406078338623
dihedral 3056 3058 3060 3067 200 -132.9860076904297
dihedral 3058 3060 3067 3069 200 53.56106185913086
dihedral 29 31 33 44 200 -114.2762451171875
dihedral 31 33 44 46 200 136.74427795410156
dihedral 314 316 318 328 200 -67.47933197021484
dihedral 316 318 328 330 200 -44.81158447265625
dihedral 3165 3167 3169 3184 200 -103.5173110961914
dihedral 3167 3169 3184 3186 200 125.83451843261719
dihedral 3184 3186 3188 3198 200 -108.61859893798828
dihedral 3186 3188 3198 3200 200 130.42303466796875
dihedral 3198 3200 3202 3217 200 -117.63211059570313
dihedral 3200 3202 3217 3219 200 121.27494049072266
dihedral 431 433 435 450 200 -87.99169158935547
dihedral 433 435 450 452 200 10.102678298950195
dihedral 450 452 454 470 200 -54.119537353515625
dihedral 452 454 470 472 200 -41.733951568603516
dihedral 470 472 474 489 200 -65.17988586425781
dihedral 472 474 489 491 200 -44.71293640136719
dihedral 44 46 48 58 200 -121.23028564453125
dihedral 46 48 58 60 200 128.37213134765625
dihedral 489 491 493 513 200 -56.595890045166016
dihedral 491 493 513 515 200 -45.51339340209961
dihedral 513 515 517 528 200 -63.7331657409668
dihedral 515 517 528 530 200 -57.954933166503906
dihedral 528 530 532 547 200 -51.906982421875
dihedral 530 532 547 549 200 -47.470401763916016
dihedral 547 549 551 566 200 -66.60761260986328
dihedral 549 551 566 568 200 -42.965450286865234
dihedral 566 568 570 577 200 -63.14687728881836
dihedral 568 570 577 579 200 -46.940887451171875
dihedral 577 579 581 591 200 -49.171546936035156
dihedral 579 581 591 593 200 -45.777626037597656
dihedral 591 593 595 602 200 -62.46217727661133
dihedral 593 595 602 604 200 -47.86221694946289
dihedral 602 604 606 613 200 -42.25094985961914
dihedral 604 606 613 615 200 -54.95906066894531
dihedral 613 615 617 625 200 -64.04014587402344
dihedral 615 617 625 627 200 -46.6970329284668
dihedral 625 627 629 635 200 -54.2172966003418
dihedral 627 629 635 637 200 -49.33213806152344
dihedral 58 60 62 78 200 -137.60475158691406
dihedral 60 62 78 80 200 168.48556518554688
dihedral 635 637 639 654 200 -63.20716094970703
dihedral 637 639 654 656 200 -39.933021545410156
dihedral 654 656 658 666 200 -60.911949157714844
dihedral 656 658 666 668 200 -40.095340728759766
dihedral 666 668 670 688 200 -71.57035064697266
dihedral 668 670 688 690 200 -40.622528076171875
dihedral 688 690 692 707 200 -62.33153533935547
dihedral 690 692 707 709 200 -36.52519226074219
dihedral 707 709 711 731 200 -59.65195083618164
dihedral 709 711 731 733 200 -43.80397415161133
dihedral 731 733 735 752 200 -53.399879455566406
dihedral 733 735 752 754 200 -49.85570526123047
dihedral 752 754 756 767 200 -62.02446365356445
dihedral 754 756 767 769 200 -37.72817611694336
dihedral 767 769 771 778 200 -68.2331771850586
dihedral 769 771 778 780 200 -37.50127410888672
dihedral 778 780 782 797 200 -70.01775360107422
dihedral 780 782 797 799 200 -35.213722229003906
dihedral 797 799 801 811 200 -63.19968032836914
dihedral 799 801 811 813 200 -46.83173370361328
dihedral 78 80 82 88 200 -114.20138549804688
dihedral 80 82 88 90 200 137.95875549316406
dihedral 992 994 996 1011 200 -116.82025146484375
dihedral 994 996 1011 1013 200 124.23051452636719
dihedral 1011 1013 1015 1025 200 -125.12886047363281
dihedral 1013 1015 1025 1027 200 127.70616912841797
dihedral 1025 1027 1029 1044 200 -115.11394500732422
dihedral 1027 1029 1044 1046 200 113.28083038330078
dihedral 1044 1046 1048 1063 200 -128.22943115234375
dihedral 1046 1048 1063 1065 200 97.41928100585938
dihedral 1063 1065 1069 1077 200 -80.7392807006836
dihedral 1065 1069 1077 1079 200 137.4306640625
dihedral 1077 1079 1081 1091 200 -123.11211395263672
dihedral 1079 1081 1091 1093 200 110.5857162475586
dihedral 1166 1168 1170 1180 200 -124.42696380615234
dihedral 1168 1170 1180 1182 200 142.9898681640625
dihedral 1180 1182 1184 1199 200 -106.75411224365234
dihedral 1182 1184 1199 1201 200 136.92889404296875
dihedral 1199 1201 1203 1213 200 -123.63787078857422
dihedral 1201 1203 1213 1215 200 138.341064453125
dihedral 1213 1215 1217 1232 200 -114.68309783935547
dihedral 1215 1217 1232 1234 200 118.45745849609375
dihedral 1232 1234 1236 1248 200 -120.14454650878906
dihedral 1234 1236 1248 1250 200 136.4619598388672
dihedral 1248 1250 1252 1260 200 -138.64529418945313
dihedral 1250 1252 1260 1262 200 161.13912963867188
dihedral 1338 1340 1342 1360 200 -59.04319381713867
dihedral 1340 1342 1360 1362 200 -29.07351303100586
dihedral 1360 1362 1364 1370 200 -63.609840393066406
dihedral 1362 1364 1370 1372 200 -38.09376525878906
dihedral 1370 1372 1374 1382 200 -82.13483428955078
dihedral 1372 1374 1382 1384 200 -32.601078033447266
dihedral 1382 1384 1386 1401 200 -65.73750305175781
dihedral 1384 1386 1401 1403 200 -47.74638366699219
dihedral 1401 1403 1405 1420 200 -55.72426986694336
dihedral 1403 1405 1420 1422 200 -43.880775451660156
dihedral 1420 1422 1424 1434 200 -58.252044677734375
dihedral 1422 1424 1434 1436 200 -55.853065490722656
dihedral 135 137 139 150 200 -80.15779113769531
dihedral 137 139 150 152 200 -36.60548782348633
dihedral 1434 1436 1438 1448 200 -61.61844253540039
dihedral 1436 1438 1448 1450 200 -46.46500778198242
dihedral 1448 1450 1452 1467 200 -79.0625991821289
dihedral 1450 1452 1467 1469 200 -8.765356063842773
dihedral 1550 1552 1554 1557 200 -82.82804107666016
dihedral 1552 1554 1557 1559 200 -0.6634834408760071
dihedral 1557 1559 1561 1571 200 -58.40117645263672
dihedral 1559 1561 1571 1573 200 -47.96767044067383
