improper 2 0 13 4 50 31.524677276611328
improper 3 0 13 4 50 70.30432891845703
improper 17 15 29 19 50 33.917213439941406
improper 18 15 29 19 50 65.83621978759766
improper 33 31 44 35 50 34.618343353271484
improper 34 31 44 35 50 71.96879577636719
improper 48 46 58 50 50 36.731361389160156
improper 49 46 58 50 50 67.31197357177734
improper 62 60 78 64 50 30.588199615478516
improper 63 60 78 64 50 64.80619812011719
improper 82 80 88 84 50 36.73853302001953
improper 83 80 88 84 50 64.29730987548828
improper 92 90 108 94 50 31.68355369567871
improper 93 90 108 94 50 68.10688781738281
improper 112 110 125 114 50 33.655704498291016
improper 113 110 125 114 50 68.06201934814453
improper 129 127 135 131 50 31.92158317565918
improper 130 127 135 131 50 64.6357421875
improper 139 137 150 141 50 36.36115264892578
improper 140 137 150 141 50 68.93290710449219
improper 154 152 169 156 50 27.720687866210938
improper 155 152 169 156 50 63.341522216796875
improper 173 171 179 175 50 31.262868881225586
improper 174 171 179 175 50 66.17810821533203
improper 183 181 196 185 50 37.163063049316406
improper 184 181 196 185 50 63.854209899902344
improper 200 198 215 202 50 34.040138244628906
improper 201 198 215 202 50 66.588134765625
improper 219 217 232 221 50 34.54155731201172
improper 220 217 232 221 50 66.54380798339844
improper 236 234 243 238 50 32.24899673461914
improper 237 234 243 238 50 67.36856079101563
improper 247 245 262 249 50 30.182777404785156
improper 248 245 262 249 50 66.16793823242188
improper 266 264 281 268 50 28.69823455810547
improper 267 264 281 268 50 65.55583953857422
improper 285 283 300 287 50 32.016754150390625
improper 286 283 300 287 50 66.51038360595703
improper 304 302 314 306 50 31.483402252197266
improper 305 302 314 306 50 61.504878997802734
improper 318 316 328 320 50 37.39154815673828
improper 319 316 328 320 50 71.09680938720703
improper 332 330 348 334 50 38.584293365478516
improper 333 330 348 334 50 72.8331069946289
improper 352 350 369 354 50 29.31753158569336
improper 353 350 369 354 50 66.46466827392578
improper 373 371 380 375 50 25.208864212036133
improper 374 371 380 375 50 65.60826110839844
improper 384 382 394 386 50 25.574291229248047
improper 385 382 394 386 50 60.51519012451172
improper 398 396 416 400 50 33.653778076171875
improper 399 396 416 400 50 66.55982208251953
improper 420 418 431 422 50 33.516971588134766
improper 421 418 431 422 50 64.67466735839844
improper 435 433 450 437 50 30.717836380004883
improper 436 433 450 437 50 61.78679275512695
improper 454 452 470 456 50 34.7314338684082
improper 455 452 470 456 50 68.49322509765625
improper 474 472 489 476 50 28.92923927307129
improper 475 472 489 476 50 61.621334075927734
improper 493 491 513 495 50 34.857147216796875
improper 494 491 513 495 50 63.56821060180664
improper 517 515 528 519 50 29.93132972717285
improper 518 515 528 519 50 72.04762268066406
improper 532 530 547 534 50 31.361988067626953
improper 533 530 547 534 50 65.3960952758789
improper 551 549 566 553 50 23.35154151916504
improper 552 549 566 553 50 63.8690185546875
improper 570 568 577 572 50 27.992671966552734
improper 571 568 577 572 50 63.76478958129883
improper 581 579 591 583 50 34.945831298828125
improper 582 579 591 583 50 72.64176177978516
improper 595 593 602 597 50 35.992347717285156
improper 596 593 602 597 50 67.16473388671875
improper 606 604 613 608 50 33.06119918823242
improper 607 604 613 608 50 65.1948471069336
improper 617 615 625 619 50 32.19704818725586
improper 618 615 625 619 50 63.93016052246094
improper 629 627 635 631 50 33.110511779785156
improper 630 627 635 631 50 69.55817413330078
improper 639 637 654 641 50 33.22795104980469
improper 640 637 654 641 50 68.826904296875
improper 658 656 666 660 50 35.00246810913086
improper 659 656 666 660 50 63.98193359375
improper 670 668 688 672 50 26.62928009033203
improper 671 668 688 672 50 64.7967758178711
improper 692 690 707 694 50 27.561138153076172
improper 693 690 707 694 50 62.90948486328125
improper 711 709 731 713 50 28.383338928222656
improper 712 709 731 713 50 59.783470153808594
improper 735 733 752 737 50 29.941329956054688
improper 736 733 752 737 50 67.57294464111328
improper 756 754 767 758 50 34.21686553955078
improper 757 754 767 758 50 67.04801177978516
improper 771 769 778 773 50 31.604963302612305
improper 772 769 778 773 50 66.78527069091797
improper 782 780 797 784 50 37.423866271972656
improper 783 780 797 784 50 70.3226089477539
improper 801 799 811 803 50 31.19818687438965
improper 802 799 811 803 50 64.00731658935547
improper 815 813 823 817 50 33.453670501708984
improper 816 813 823 817 50 64.6648941040039
improper 829 825 837 831 50 37.89625549316406
improper 830 825 837 831 50 67.90365600585938
improper 841 839 848 843 50 33.388362884521484
improper 842 839 848 843 50 61.24203109741211
improper 852 850 870 854 50 35.273963928222656
improper 853 850 870 854 50 69.29071044921875
improper 874 872 889 876 50 34.62152099609375
improper 875 872 889 876 50 67.61165618896484
improper 893 891 901 895 50 36.19113540649414
improper 894 891 901 895 50 68.29492950439453
improper 905 903 912 907 50 32.70257568359375
improper 906 903 912 907 50 65.53215026855469
improper 923 921 941 925 50 30.565820693969727
improper 924 921 941 925 50 67.30107879638672
improper 945 943 956 947 50 34.16037368774414
improper 946 943 956 947 50 65.34928131103516
improper 960 958 975 962 50 33.66835021972656
improper 961 958 975 962 50 63.920108795166016
improper 979 977 992 981 50 37.382232666015625
improper 980 977 992 981 50 69.55998992919922
improper 996 994 1011 998 50 35.91862487792969
improper 997 994 1011 998 50 64.07749938964844
improper 1015 1013 1025 1017 50 27.17863655090332
improper 1016 1013 1025 1017 50 63.73147201538086
improper 1029 1027 1044 1031 50 32.9822998046875
improper 1030 1027 1044 1031 50 65.45176696777344
improper 1048 1046 1063 1050 50 34.75056457519531
improper 1049 1046 1063 1050 50 61.62403106689453
improper 1069 1065 1077 1071 50 43.14101791381836
improper 1070 1065 1077 1071 50 73.02680969238281
improper 1081 1079 1091 1083 50 32.43159866333008
improper 1082 1079 1091 1083 50 62.90943908691406
improper 1095 1093 1113 1097 50 39.52872085571289
improper 1096 1093 1113 1097 50 70.4919662475586
improper 1117 1115 1130 1119 50 36.68193817138672
improper 1118 1115 1130 1119 50 70.02908325195313
improper 1134 1132 1142 1136 50 28.657970428466797
improper 1135 1132 1142 1136 50 65.84547424316406
improper 1146 1144 1166 1148 50 32.78302001953125
improper 1147 1144 1166 1148 50 67.4373779296875
improper 1170 1168 1180 1172 50 31.26424217224121
improper 1171 1168 1180 1172 50 63.96403884887695
improper 1184 1182 1199 1186 50 36.342430114746094
improper 1185 1182 1199 1186 50 71.9498291015625
improper 1203 1201 1213 1205 50 36.50590896606445
improper 1204 1201 1213 1205 50 71.15088653564453
improper 1217 1215 1232 1219 50 35.120216369628906
improper 1218 1215 1232 1219 50 63.469017028808594
improper 1236 1234 1248 1238 50 34.60076141357422
improper 1237 1234 1248 1238 50 71.14142608642578
improper 1252 1250 1260 1254 50 32.23892593383789
improper 1253 1250 1260 1254 50 67.95567321777344
improper 1264 1262 1274 1266 50 28.030437469482422
improper 1265 1262 1274 1266 50 61.43566131591797
improper 1285 1283 1300 1287 50 32.11516189575195
improper 1286 1283 1300 1287 50 63.94546890258789
improper 1311 1309 1324 1313 50 36.85641098022461
improper 1312 1309 1324 1313 50 67.30680084228516
improper 1328 1326 1338 1330 50 34.60704040527344
improper 1329 1326 1338 1330 50 70.56664276123047
improper 1342 1340 1360 1344 50 35.47077178955078
improper 1343 1340 1360 1344 50 70.56745910644531
improper 1364 1362 1370 1366 50 36.13097381591797
improper 1365 1362 1370 1366 50 67.25411224365234
improper 1374 1372 1382 1376 50 36.37836456298828
improper 1375 1372 1382 1376 50 66.07464599609375
improper 1386 1384 1401 1388 50 35.22462463378906
improper 1387 1384 1401 1388 50 64.322265625
improper 1405 1403 1420 1407 50 23.58910369873047
improper 1406 1403 1420 1407 50 64.59874725341797
improper 1424 1422 1434 1426 50 33.96006774902344
improper 1425 1422 1434 1426 50 60.854286193847656
improper 1438 1436 1448 1440 50 35.0322380065918
improper 1439 1436 1448 1440 50 65.97119903564453
improper 1452 1450 1467 1454 50 28.07501983642578
improper 1453 1450 1467 1454 50 63.83194351196289
improper 1478 1476 1488 1480 50 30.03977394104004
improper 1479 1476 1488 1480 50 64.86370086669922
improper 1492 1490 1507 1494 50 32.25230026245117
improper 1493 1490 1507 1494 50 63.93885040283203
improper 1511 1509 1517 1513 50 29.14667510986328
improper 1512 1509 1517 1513 50 62.60763931274414
improper 1521 1519 1539 1523 50 27.609375
improper 1522 1519 1539 1523 50 64.27708435058594
improper 1543 1541 1550 1545 50 27.158344268798828
improper 1544 1541 1550 1545 50 65.84242248535156
improper 1561 1559 1571 1563 50 29.536001205444336
improper 1562 1559 1571 1563 50 61.848079681396484
improper 1575 1573 1593 1577 50 33.957275390625
improper 1576 1573 1593 1577 50 67.89659118652344
improper 1597 1595 1603 1599 50 35.64238739013672
improper 1598 1595 1603 1599 50 68.31934356689453
improper 1607 1605 1623 1609 50 33.2274284362793
improper 1608 1605 1623 1609 50 67.58246612548828
improper 1627 1625 1640 1629 50 31.81439781188965
improper 1628 1625 1640 1629 50 64.95191955566406
improper 1644 1642 1655 1646 50 29.666051864624023
improper 1645 1642 1655 1646 50 68.31548309326172
improper 1659 1657 1665 1661 50 32.07817840576172
improper 1660 1657 1665 1661 50 69.95120239257813
improper 1669 1667 1684 1671 50 36.30751419067383
improper 1670 1667 1684 1671 50 68.78020477294922
improper 1688 1686 1701 1690 50 36.88859176635742
improper 1689 1686 1701 1690 50 65.14910888671875
improper 1705 1703 1711 1707 50 35.650428771972656
improper 1706 1703 1711 1707 50 66.85653686523438
improper 1722 1720 1728 1724 50 32.454490661621094
improper 1723 1720 1728 1724 50 66.2483139038086
improper 1732 1730 1740 1734 50 33.7344856262207
improper 1733 1730 1740 1734 50 69.33138275146484
improper 1744 1742 1759 1746 50 31.244421005249023
improper 1745 1742 1759 1746 50 65.72065734863281
improper 1763 1761 1770 1765 50 26.613033294677734
improper 1764 1761 1770 1765 50 65.38684844970703
improper 1774 1772 1787 1776 50 36.79345703125
improper 1775 1772 1787 1776 50 71.38770294189453
improper 1791 1789 1806 1793 50 35.23663330078125
improper 1792 1789 1806 1793 50 67.75856018066406
improper 1817 1815 1830 1819 50 33.124732971191406
improper 1818 1815 1830 1819 50 69.76578521728516
improper 1834 1832 1850 1836 50 23.038179397583008
improper 1835 1832 1850 1836 50 58.77268981933594
improper 1861 1859 1873 1863 50 36.24570083618164
improper 1862 1859 1873 1863 50 70.800537109375
improper 1884 1882 1900 1886 50 39.631134033203125
improper 1885 1882 1900 1886 50 70.91154479980469
improper 1904 1902 1921 1906 50 36.22412109375
improper 1905 1902 1921 1906 50 67.93953704833984
improper 1925 1923 1932 1927 50 30.957624435424805
improper 1926 1923 1932 1927 50 68.1468505859375
improper 1936 1934 1942 1938 50 33.96715545654297
improper 1937 1934 1942 1938 50 67.71391296386719
improper 1946 1944 1963 1948 50 33.37553787231445
improper 1947 1944 1963 1948 50 64.21403503417969
improper 1967 1965 1982 1969 50 35.917205810546875
improper 1968 1965 1982 1969 50 69.51508331298828
improper 1986 1984 1998 1988 50 33.9705924987793
improper 1987 1984 1998 1988 50 64.32462310791016
improper 2002 2000 2008 2004 50 27.804433822631836
improper 2003 2000 2008 2004 50 63.67204284667969
improper 2012 2010 2023 2014 50 36.921817779541016
improper 2013 2010 2023 2014 50 67.68158721923828
improper 2027 2025 2045 2029 50 28.56068229675293
improper 2028 2025 2045 2029 50 64.38549041748047
improper 2049 2047 2061 2051 50 37.495033264160156
improper 2050 2047 2061 2051 50 68.2892837524414
improper 2065 2063 2075 2067 50 34.71870422363281
improper 2066 2063 2075 2067 50 68.46192932128906
improper 2079 2077 2091 2081 50 30.725723266601563
improper 2080 2077 2091 2081 50 63.009334564208984
improper 2095 2093 2110 2097 50 30.779144287109375
improper 2096 2093 2110 2097 50 65.2559814453125
improper 2114 2112 2124 2116 50 33.447086334228516
improper 2115 2112 2124 2116 50 65.0876235961914
improper 2128 2126 2146 2130 50 33.752132415771484
improper 2129 2126 2146 2130 50 69.18587493896484
improper 2150 2148 2163 2152 50 28.379209518432617
improper 2151 2148 2163 2152 50 61.567169189453125
improper 2167 2165 2177 2169 50 36.79817199707031
improper 2168 2165 2177 2169 50 72.39151763916016
improper 2181 2179 2189 2183 50 34.13504409790039
improper 2182 2179 2189 2183 50 68.67501068115234
improper 2193 2191 2201 2195 50 34.27077102661133
improper 2194 2191 2201 2195 50 70.95417785644531
improper 2205 2203 2216 2207 50 33.46105194091797
improper 2206 2203 2216 2207 50 64.10260772705078
improper 2220 2218 2233 2222 50 27.565155029296875
improper 2221 2218 2233 2222 50 61.72483825683594
improper 2237 2235 2254 2239 50 32.217445373535156
improper 2238 2235 2254 2239 50 61.400020599365234
improper 2258 2256 2264 2260 50 38.54583740234375
improper 2259 2256 2264 2260 50 67.3882064819336
improper 2268 2266 2288 2270 50 38.36263656616211
improper 2269 2266 2288 2270 50 69.893798828125
improper 2292 2290 2303 2294 50 31.58759307861328
improper 2293 2290 2303 2294 50 68.26366424560547
improper 2307 2305 2314 2309 50 30.682910919189453
improper 2308 2305 2314 2309 50 66.81572723388672
improper 2318 2316 2325 2320 50 34.285362243652344
improper 2319 2316 2325 2320 50 64.73605346679688
improper 2329 2327 2335 2331 50 28.822486877441406
improper 2330 2327 2335 2331 50 63.15980529785156
improper 2353 2351 2360 2355 50 36.25459289550781
improper 2354 2351 2360 2355 50 69.10443878173828
improper 2364 2362 2380 2366 50 31.326257705688477
improper 2365 2362 2380 2366 50 62.282344818115234
improper 2384 2382 2394 2386 50 32.565433502197266
improper 2385 2382 2394 2386 50 61.08753204345703
improper 2398 2396 2410 2400 50 34.199668884277344
improper 2399 2396 2410 2400 50 65.5932388305664
improper 2414 2412 2434 2416 50 32.29978942871094
improper 2415 2412 2434 2416 50 62.83860778808594
improper 2438 2436 2448 2440 50 35.977725982666016
improper 2439 2436 2448 2440 50 66.89430236816406
improper 2452 2450 2460 2454 50 33.09254837036133
improper 2453 2450 2460 2454 50 68.95679473876953
improper 2464 2462 2474 2466 50 26.94667625427246
improper 2465 2462 2474 2466 50 57.64628982543945
improper 2485 2483 2496 2487 50 35.217071533203125
improper 2486 2483 2496 2487 50 69.81065368652344
improper 2502 2498 2510 2504 50 34.90875244140625
improper 2503 2498 2510 2504 50 66.3895492553711
improper 2514 2512 2527 2516 50 33.32202911376953
improper 2515 2512 2527 2516 50 65.9813461303711
improper 2538 2536 2558 2540 50 34.02680969238281
improper 2539 2536 2558 2540 50 67.7791976928711
improper 2569 2567 2579 2571 50 41.200706481933594
improper 2570 2567 2579 2571 50 70.4655532836914
improper 2583 2581 2601 2585 50 31.50808334350586
improper 2584 2581 2601 2585 50 61.75434494018555
improper 2605 2603 2617 2607 50 37.91123962402344
improper 2606 2603 2617 2607 50 68.64319610595703
improper 2621 2619 2636 2623 50 32.90180587768555
improper 2622 2619 2636 2623 50 59.83274459838867
improper 2640 2638 2655 2642 50 38.27122116088867
improper 2641 2638 2655 2642 50 67.25916290283203
improper 2659 2657 2672 2661 50 34.99946975708008
improper 2660 2657 2672 2661 50 64.8846664428711
improper 2676 2674 2691 2678 50 26.72599220275879
improper 2677 2674 2691 2678 50 67.39070892333984
improper 2695 2693 2713 2697 50 28.184837341308594
improper 2696 2693 2713 2697 50 63.887939453125
improper 2717 2715 2728 2719 50 33.62816619873047
improper 2718 2715 2728 2719 50 72.09891510009766
improper 2732 2730 2740 2734 50 35.07958221435547
improper 2733 2730 2740 2734 50 62.85403823852539
improper 2744 2742 2757 2746 50 35.21549606323242
improper 2745 2742 2757 2746 50 70.1864242553711
improper 2761 2759 2771 2763 50 34.652286529541016
improper 2762 2759 2771 2763 50 65.99781799316406
improper 2775 2773 2786 2777 50 34.314064025878906
improper 2776 2773 2786 2777 50 64.05016326904297
improper 2790 2788 2807 2792 50 33.878780364990234
improper 2791 2788 2807 2792 50 72.9393081665039
improper 2811 2809 2826 2813 50 32.725563049316406
improper 2812 2809 2826 2813 50 64.8165512084961
improper 2830 2828 2841 2832 50 34.03593444824219
improper 2831 2828 2841 2832 50 70.41136932373047
improper 2845 2843 2856 2847 50 30.322628021240234
improper 2846 2843 2856 2847 50 67.99288177490234
improper 2860 2858 2880 2862 50 30.962432861328125
improper 2861 2858 2880 2862 50 65.05860900878906
improper 2884 2882 2904 2886 50 36.04090881347656
improper 2885 2882 2904 2886 50 68.96639251708984
improper 2908 2906 2923 2910 50 30.58428192138672
improper 2909 2906 2923 2910 50 67.2494125366211
improper 2927 2925 2945 2929 50 35.67942428588867
improper 2928 2925 2945 2929 50 69.70779418945313
improper 2949 2947 2960 2951 50 37.52224349975586
improper 2950 2947 2960 2951 50 69.74853515625
improper 2964 2962 2979 2966 50 30.677839279174805
improper 2965 2962 2979 2966 50 66.34867095947266
improper 2983 2981 2995 2985 50 32.21171951293945
improper 2984 2981 2995 2985 50 68.3599853515625
improper 2999 2997 3017 3001 50 33.524757385253906
improper 3000 2997 3017 3001 50 67.7870864868164
improper 3021 3019 3039 3023 50 34.87234878540039
improper 3022 3019 3039 3023 50 66.5569076538086
improper 3043 3041 3056 3045 50 29.794858932495117
improper 3044 3041 3056 3045 50 64.29104614257813
improper 3060 3058 3067 3062 50 39.808536529541016
improper 3061 3058 3067 3062 50 70.56285858154297
improper 3071 3069 3084 3073 50 35.019081115722656
improper 3072 3069 3084 3073 50 69.74451446533203
improper 3088 3086 3104 3090 50 30.898601531982422
improper 3089 3086 3104 3090 50 70.19902038574219
improper 3108 3106 3123 3110 50 30.42597007751465
improper 3109 3106 3123 3110 50 68.026123046875
improper 3134 3132 3151 3136 50 30.841419219970703
improper 3135 3132 3151 3136 50 62.44461441040039
improper 3157 3153 3165 3159 50 38.25300979614258
improper 3158 3153 3165 3159 50 74.3213882446289
improper 3169 3167 3184 3171 50 31.130260467529297
improper 3170 3167 3184 3171 50 62.94554138183594
improper 3188 3186 3198 3190 50 32.465667724609375
improper 3189 3186 3198 3190 50 63.521968841552734
improper 3202 3200 3217 3204 50 34.368896484375
improper 3203 3200 3217 3204 50 63.924896240234375
improper 3221 3219 3237 3223 50 37.776405334472656
improper 3222 3219 3237 3223 50 65.49005889892578
improper 3241 3239 3253 3243 50 28.89829444885254
improper 3242 3239 3253 3243 50 60.286468505859375
improper 3257 3255 3268 3259 50 31.49964141845703
improper 3258 3255 3268 3259 50 62.1017951965332
improper 50 48 52 54 50 38.521358489990234
improper 51 48 52 54 50 68.94557189941406
improper 320 318 322 324 50 33.38284683227539
improper 321 318 322 324 50 63.94453811645508
improper 803 801 805 807 50 31.210779190063477
improper 804 801 805 807 50 63.0302848815918
improper 1172 1170 1174 1176 50 33.3045768737793
improper 1173 1170 1174 1176 50 65.84070587158203
improper 1205 1203 1207 1209 50 36.4882698059082
improper 1206 1203 1207 1209 50 69.59793090820313
improper 1266 1264 1268 1270 50 30.58710289001465
improper 1267 1264 1268 1270 50 66.50825500488281
improper 1330 1328 1332 1334 50 37.44904327392578
improper 1331 1328 1332 1334 50 70.69358825683594
improper 1480 1478 1482 1484 50 33.14203643798828
improper 1481 1478 1482 1484 50 66.61347198486328
improper 1563 1561 1565 1567 50 39.57803726196289
improper 1564 1561 1565 1567 50 71.56974792480469
improper 2067 2065 2069 2071 50 39.03055953979492
improper 2068 2065 2069 2071 50 66.51282501220703
improper 2116 2114 2118 2120 50 38.22828674316406
improper 2117 2114 2118 2120 50 62.95902633666992
improper 2386 2384 2388 2390 50 33.603389739990234
improper 2387 2384 2388 2390 50 68.19822692871094
improper 2440 2438 2442 2444 50 38.37693405151367
improper 2441 2438 2442 2444 50 68.1184310913086
improper 2466 2464 2468 2470 50 34.60248565673828
improper 2467 2464 2468 2470 50 63.70790100097656
improper 2571 2569 2573 2575 50 34.59294509887695
improper 2572 2569 2573 2575 50 63.95441818237305
improper 2763 2761 2765 2767 50 40.203826904296875
improper 2764 2761 2765 2767 50 68.21842956542969
improper 3190 3188 3192 3194 50 36.0798454284668
improper 3191 3188 3192 3194 50 69.3277359008789
improper 156 154 162 158 50 30.14752960205078
improper 157 154 162 158 50 64.9994125366211
improper 268 266 274 270 50 36.07564926147461
improper 269 266 274 270 50 65.94892883300781
improper 287 285 293 289 50 27.515396118164063
improper 288 285 293 289 50 60.56591033935547
improper 437 435 443 439 50 29.503067016601563
improper 438 435 443 439 50 63.70524597167969
improper 553 551 559 555 50 35.07136535644531
improper 554 551 559 555 50 67.8560562133789
improper 694 692 700 696 50 30.749143600463867
improper 695 692 700 696 50 63.249969482421875
improper 998 996 1004 1000 50 39.47372817993164
improper 999 996 1004 1000 50 61.976524353027344
improper 1050 1048 1056 1052 50 38.319828033447266
improper 1051 1048 1056 1052 50 64.93064880371094
improper 1219 1217 1225 1221 50 27.599529266357422
improper 1220 1217 1225 1221 50 64.10594177246094
improper 1287 1285 1293 1289 50 29.6203556060791
improper 1288 1285 1293 1289 50 62.62165451049805
improper 1407 1405 1413 1409 50 30.81291389465332
improper 1408 1405 1413 1409 50 65.97877502441406
improper 1494 1492 1500 1496 50 30.180530548095703
improper 1495 1492 1500 1496 50 66.98567199707031
improper 1746 1744 1752 1748 50 32.670894622802734
improper 1747 1744 1752 1748 50 63.90717315673828
improper 1793 1791 1799 1795 50 28.00434112548828
improper 1794 1791 1799 1795 50 61.00200271606445
improper 2097 2095 2103 2099 50 32.285465240478516
improper 2098 2095 2103 2099 50 66.54456329345703
improper 2623 2621 2629 2625 50 30.442323684692383
improper 2624 2621 2629 2625 50 61.143131256103516
improper 2910 2908 2916 2912 50 29.424341201782227
improper 2911 2908 2916 2912 50 65.59458923339844
improper 2966 2964 2972 2968 50 36.488399505615234
improper 2967 2964 2972 2968 50 66.07881164550781
improper 3110 3108 3116 3112 50 26.947202682495117
improper 3111 3108 3116 3112 50 64.05305480957031
improper 3171 3169 3177 3173 50 37.29623794555664
improper 3172 3169 3177 3173 50 65.79573822021484
